           1.235e-12         1.234568e-12             0.000000
          -1.235e-12        -1.234568e-12            -0.000000
           12.35e-12         1.234568e-11             0.000000
          -12.35e-12        -1.234568e-11            -0.000000
           123.5e-12         1.234568e-10             0.000000
          -123.5e-12        -1.234568e-10            -0.000000
           1.235e-09         1.234568e-09             0.000000
          -1.235e-09        -1.234568e-09            -0.000000
           12.35e-09         1.234568e-08             0.000000
          -12.35e-09        -1.234568e-08            -0.000000
           123.5e-09         1.234568e-07             0.000000
          -123.5e-09        -1.234568e-07            -0.000000
           1.235e-06         1.234568e-06             0.000001
          -1.235e-06        -1.234568e-06            -0.000001
           12.35e-06         1.234568e-05             0.000012
          -12.35e-06        -1.234568e-05            -0.000012
           123.5e-06         1.234568e-04             0.000123
          -123.5e-06        -1.234568e-04            -0.000123
           1.235e-03         1.234568e-03             0.001235
          -1.235e-03        -1.234568e-03            -0.001235
           12.35e-03         1.234568e-02             0.012346
          -12.35e-03        -1.234568e-02            -0.012346
           123.5e-03         1.234568e-01             0.123457
          -123.5e-03        -1.234568e-01            -0.123457
               0.000         0.000000e+00             0.000000
               1.235         1.234568e+00             1.234568
              -1.235        -1.234568e+00            -1.234568
               12.35         1.234568e+01            12.345679
              -12.35        -1.234568e+01           -12.345679
               123.5         1.234568e+02           123.456789
              -123.5        -1.234568e+02          -123.456789
           1.235e+03         1.234568e+03          1234.567890
          -1.235e+03        -1.234568e+03         -1234.567890
           12.35e+03         1.234568e+04         12345.678900
          -12.35e+03        -1.234568e+04        -12345.678900
           123.5e+03         1.234568e+05        123456.789000
          -123.5e+03        -1.234568e+05       -123456.789000
           1.235e+06         1.234568e+06       1234567.890000
          -1.235e+06        -1.234568e+06      -1234567.890000
           12.35e+06         1.234568e+07      12345678.900000
          -12.35e+06        -1.234568e+07     -12345678.900000
           123.5e+06         1.234568e+08     123456789.000000
          -123.5e+06        -1.234568e+08    -123456789.000000
           1.235e+09         1.234568e+09    1234567890.000000
          -1.235e+09        -1.234568e+09   -1234567890.000000
           12.35e+09         1.234568e+10   12345678899.999998
          -12.35e+09        -1.234568e+10  -12345678899.999998
           123.5e+09         1.234568e+11  123456788999.999985
          -123.5e+09        -1.234568e+11 -123456788999.999985
